#L1b product        : SCI_NL__1PUDPA20100218_001751_000060192087_00031_41668_6128.N1
#Orbit nr.          : 41668
#Ver. Proc.Soft.    : SciaL1c/6     
#Ver. Keydata       : 03.10
#Ver. M-factor      : -1.  
#Solar spectrum ID  : D0
  826
 214.9929   4.4339406e+11     0.058139939
 215.1421   6.0129699e+11     0.045467861
 215.2912   6.1180373e+11     0.054308616
 215.4402   4.7820548e+11     0.055098765
 215.5890   5.8757553e+11     0.055012785
 215.7378   5.5929949e+11     0.058140323
 215.8864   4.2575312e+11     0.053503662
 216.0347   5.2944408e+11     0.060598943
 216.1831   8.5453275e+11     0.053629216
 216.3313   6.0974295e+11     0.046493858
 216.4792    7.355992e+11      0.04969595
 216.6272    1.003923e+12     0.051405065
 216.7749   1.4555175e+12     0.054551892
 216.9226   2.8813248e+12     0.052680116
 217.0701   1.4291805e+12     0.043613564
 217.2174   9.7914651e+11     0.043574747
 217.3647    1.173579e+12     0.049089868
 217.5118   1.2694269e+12     0.052100193
 217.6588   1.2203535e+12      0.04963671
 217.8056   1.4214441e+12      0.04957708
 217.9523   1.3559792e+12      0.04828386
 218.0989     1.01634e+12     0.045505032
 218.2454   1.5636064e+12     0.048305694
 218.3918   2.1814641e+12     0.049947798
 218.5379   1.2842041e+12     0.047487479
 218.6840   1.3804297e+12     0.052889593
 218.8300    1.800174e+12     0.050458804
 218.9758    1.674014e+12     0.051528148
 219.1214   1.8813779e+12     0.049882948
 219.2669    1.987435e+12     0.047608484
 219.4124   2.3002609e+12     0.048602942
 219.5577   2.3100604e+12     0.052602947
 219.7029   1.7763888e+12     0.051996738
 219.8479   1.7257803e+12     0.047894016
 219.9928   2.3067149e+12     0.047011595
 220.1376   3.0628978e+12     0.051596023
 220.2823   2.3304405e+12     0.050500207
 220.4268   2.3685631e+12     0.049898524
 220.5713   3.3997641e+12     0.049527016
 220.7156   4.1124847e+12      0.04889556
 220.8598   3.0994897e+12     0.049386811
 221.0038   3.2418017e+12     0.050403714
 221.1477   3.3508101e+12     0.050416559
 221.2915   3.0054959e+12     0.049466223
 221.4352   2.5382819e+12     0.049332727
 221.5786   2.0867678e+12     0.049217701
 221.7221   1.8552571e+12     0.048719127
 221.8654    2.007425e+12     0.048806932
 222.0086   2.2211346e+12     0.048868991
 222.1516   2.1366327e+12     0.048604246
 222.2946   2.3314657e+12      0.04723604
 222.4374   2.6264417e+12     0.048931651
 222.5800   2.8834312e+12      0.04897508
 222.7226   3.0319918e+12     0.048263364
 222.8651   3.0150914e+12     0.048000459
 223.0074   3.0722037e+12     0.048531856
 223.1496   2.9170123e+12     0.047645815
 223.2917   3.0524252e+12     0.047414057
 223.4337   3.4542883e+12     0.047749382
 223.5755   3.9761758e+12     0.047724906
 223.7172   4.3809652e+12     0.048040546
 223.8589   4.5425801e+12     0.048029676
 224.0003   4.5359332e+12     0.048088182
 224.1417    4.686494e+12     0.047741577
 224.2829   4.5136237e+12     0.048831776
 224.4241   4.3220947e+12     0.048639733
 224.5652   4.2292017e+12     0.047931664
 224.7060   4.1853125e+12     0.048243351
 224.8468   4.4494037e+12     0.048655864
 224.9875   4.6617901e+12     0.048286736
 225.1281   4.8149886e+12     0.047420558
 225.2684   4.6211819e+12     0.047175106
 225.4088   4.1220199e+12     0.046903145
 225.5490   3.8960436e+12     0.046660997
 225.6890   3.9598094e+12     0.047070131
 225.8290   4.0055137e+12     0.047454335
 225.9689   4.1228362e+12     0.047251642
 226.1086   4.1219554e+12     0.047225252
 226.2482   3.9365847e+12     0.047252942
 226.3877   3.6440509e+12     0.047186919
 226.5271   3.4959209e+12     0.047679368
 226.6664   3.2797745e+12     0.047185179
 226.8056   3.1594507e+12      0.04675452
 226.9446   3.0148712e+12     0.046442125
 227.0836   2.7589516e+12      0.04692718
 227.2225   2.5957415e+12     0.048499685
 227.3612   2.5612439e+12     0.048175681
 227.4997   2.6334989e+12     0.047059711
 227.6382   2.7252147e+12     0.047540423
 227.7767    2.889591e+12     0.047344353
 227.9149   3.0913724e+12     0.047191102
 228.0531   3.2346921e+12     0.047252677
 228.1911   3.4217274e+12     0.047280632
 228.3290    3.620935e+12     0.047044344
 228.4669   4.0525184e+12     0.047236718
 228.6046   4.4422141e+12     0.046691358
 228.7422    4.615529e+12     0.046945561
 228.8798   4.3916748e+12        0.046843
 229.0172   3.9753624e+12     0.047071949
 229.1544    3.701504e+12     0.047781631
 229.2915    3.665153e+12     0.047150128
 229.4286   3.9005182e+12     0.047078468
 229.5657   4.2691453e+12     0.047179971
 229.7025   4.5572335e+12     0.047275741
 229.8392   4.5879342e+12     0.047349647
 229.9758    3.988473e+12     0.046659604
 230.1124   3.4407758e+12     0.046563335
 230.2488   3.3436195e+12      0.04700337
 230.3851    3.733166e+12     0.047558498
 230.5213   4.1679454e+12     0.047246888
 230.6574   4.6856379e+12     0.047304913
 230.7935   5.6194478e+12     0.046835244
 230.9294   6.0152207e+12     0.046609279
 231.0651   5.4384683e+12      0.04669109
 231.2008   4.5454071e+12     0.046774831
 231.3364   3.6801935e+12     0.046619404
 231.4719    3.473964e+12     0.046620559
 231.6073   4.3369774e+12      0.04672806
 231.7425    5.223831e+12     0.046828225
 231.8776   5.4590471e+12      0.04677045
 232.0127   5.1631987e+12     0.046638016
 232.1477   4.5806922e+12     0.046492487
 232.2825   4.2428269e+12     0.046570402
 232.4173   5.0078076e+12     0.046638113
 232.5520   6.2102034e+12     0.046489462
 232.6865   5.9485481e+12     0.046372294
 232.8209   4.7234406e+12     0.046274845
 232.9553   4.4229858e+12     0.046242323
 233.0896   4.8900604e+12     0.046395723
 233.2237   4.6949041e+12     0.046386886
 233.3577   4.0870011e+12     0.046276968
 233.4916   4.0234443e+12     0.046335269
 233.6255     4.67054e+12     0.046794042
 233.7593   5.0155125e+12     0.046680797
 233.8929      4.3813e+12     0.046327688
 234.0264   3.6665452e+12      0.04619392
 234.1598   3.8429791e+12     0.046420682
 234.2932   4.3516219e+12     0.046701837
 234.4265   4.0295352e+12     0.046857297
 234.5596   3.1904791e+12     0.046951268
 234.6926   2.9671579e+12     0.046643872
 234.8256    3.213401e+12     0.046483766
 234.9585   3.4844823e+12     0.046776757
 235.0912    4.150359e+12     0.047004711
 235.2238   5.1484348e+12     0.046755224
 235.3564   5.9138218e+12     0.046497513
 235.4889    6.003019e+12     0.046270322
 235.6213   5.7035939e+12     0.046283387
 235.7535   6.1493472e+12     0.046478692
 235.8858   6.2449585e+12     0.046088524
 236.0178   5.1779197e+12     0.046353769
 236.1497   4.1228265e+12     0.046818569
 236.2817   4.5132446e+12      0.04662462
 236.4135   5.3614865e+12     0.046592068
 236.5452   5.1444046e+12      0.04638185
 236.6768   4.5161539e+12     0.046498694
 236.8083   4.3085359e+12     0.046535615
 236.9398   4.6262549e+12     0.046632957
 237.0710   5.4269544e+12     0.046570346
 237.2022   6.2165457e+12     0.046347484
 237.3335   6.3683082e+12      0.04606447
 237.4645    5.089121e+12     0.046398949
 237.5954   4.4054856e+12     0.046900708
 237.7263   5.2650196e+12     0.046744712
 237.8571    5.945266e+12     0.046066288
 237.9877   5.1922443e+12     0.046194308
 238.1183   4.1550631e+12     0.046449896
 238.2487   3.3210782e+12     0.046311233
 238.3792   2.9335801e+12      0.04639351
 238.5095   3.6162199e+12     0.046679676
 238.6397   4.7769217e+12     0.046665877
 238.7699   5.2138444e+12     0.046761036
 238.8999   4.5049106e+12     0.046870705
 239.0299   4.3425952e+12     0.046661958
 239.1597   5.5027025e+12     0.046601202
 239.2895    5.973469e+12     0.046742417
 239.4191   5.4846192e+12     0.046800245
 239.5488   4.4759667e+12     0.046398778
 239.6783   3.6290235e+12     0.046350475
 239.8077   4.0145736e+12     0.046849594
 239.9370   4.4292196e+12      0.04715639
 240.0663   4.4722091e+12     0.046897378
 240.1954   5.0207638e+12     0.046770215
 240.3245   5.1391433e+12     0.046836849
 240.4534   4.4695615e+12     0.046858009
 240.5824   3.6961342e+12      0.04670646
 240.7112   3.6519018e+12     0.046797547
 240.8399    4.233052e+12     0.046662256
 240.9685   4.8365762e+12      0.04650927
 241.0971    4.391209e+12      0.04654463
 241.2255   3.8090234e+12      0.04678762
 241.3539   4.0734244e+12     0.046991471
 241.4822    4.729515e+12       0.0469831
 241.6104   5.7143334e+12     0.046730462
 241.7385   6.4315714e+12      0.04675268
 241.8665   6.9332726e+12     0.046914849
 241.9945   7.4275666e+12     0.047015648
 242.1223   7.9318818e+12     0.046992704
 242.2501   8.3601926e+12     0.046827249
 242.3778   7.9493941e+12     0.047015563
 242.5054   7.2569203e+12     0.047138963
 242.6330   7.7978151e+12      0.04706309
 242.7604   8.8586584e+12     0.047020629
 242.8878    8.434544e+12      0.04677964
 243.0151   7.9497134e+12     0.046825178
 243.1423   8.4036535e+12     0.047047671
 243.2694   7.9231021e+12     0.046976853
 243.3965   7.3759913e+12     0.047070481
 243.5234   7.0091979e+12     0.047104873
 243.6503   6.5995874e+12      0.04705324
 243.7771   7.2370162e+12     0.047140211
 243.9038    7.520407e+12     0.047106072
 244.0305   7.0119258e+12     0.047256362
 244.1570   7.6459944e+12     0.047253385
 244.2835   8.4139295e+12     0.047092665
 244.4099   7.7540649e+12      0.04709629
 244.5361   7.1562989e+12     0.047290459
 244.6624   6.9504331e+12     0.047445454
 244.7886   6.4084194e+12     0.047329918
 244.9146   6.0118527e+12     0.047368221
 245.0406    5.953944e+12     0.047240458
 245.1666   5.6555261e+12     0.047245312
 245.2924   5.3884276e+12     0.047373354
 245.4182   5.4028403e+12     0.047478333
 245.5438   5.7128507e+12     0.047540884
 245.6694   5.8401122e+12     0.047574464
 245.7950   6.0639538e+12     0.047287352
 245.9205   6.0782485e+12     0.047598198
 246.0458   5.7003318e+12      0.04776096
 246.1712   5.3015751e+12     0.047334466
 246.2963   4.9482071e+12     0.047330052
 246.4215   5.3288632e+12     0.047575694
 246.5466   5.9299364e+12     0.047588337
 246.6716   6.0642663e+12     0.047677327
 246.7965   6.3266342e+12     0.047804322
 246.9213   6.5494199e+12     0.047985632
 247.0461   6.5338448e+12     0.048060287
 247.1708   6.6487536e+12     0.047949012
 247.2954     6.14074e+12     0.048050154
 247.4200   6.2997167e+12     0.048111606
 247.5444   7.3072624e+12     0.048156146
 247.6688   7.3441948e+12     0.048349764
 247.7932   6.9611285e+12     0.048245914
 247.9174   6.1939363e+12     0.048273802
 248.0415   5.8059181e+12      0.04832096
 248.1657   6.2516914e+12     0.048261803
 248.2897   5.4758547e+12     0.048249837
 248.4137   4.3080362e+12     0.048367627
 248.5376   5.0747634e+12     0.048289165
 248.6614   5.9732252e+12     0.048148267
 248.7851   5.3644435e+12     0.048294991
 248.9088   4.5286341e+12     0.048498526
 249.0324   4.1754773e+12     0.048703354
 249.1559   4.1852456e+12     0.048357002
 249.2794   5.2780356e+12     0.048293568
 249.4028   6.7707402e+12     0.048286699
 249.5260   8.1397772e+12     0.048278358
 249.6493   8.2948574e+12     0.048271082
 249.7725   8.1331015e+12     0.048331395
 249.8957   8.3642664e+12     0.048270606
 250.0186    8.448456e+12      0.04824546
 250.1416   7.3036265e+12     0.048465498
 250.2646    6.828728e+12     0.048614476
 250.3873   7.8968636e+12     0.048466783
 250.5101   7.9299656e+12     0.048328832
 250.6328   6.4684687e+12     0.048321314
 250.7554   5.5020245e+12     0.048358895
 250.8780   6.7257285e+12     0.048256338
 251.0005   7.7480025e+12     0.048122484
 251.1230   7.0438507e+12     0.048230957
 251.2452   6.4611261e+12     0.048440956
 251.3676   6.0212495e+12     0.048146497
 251.4898   5.0986489e+12      0.04788645
 251.6119   4.5581766e+12     0.047993038
 251.7340   4.5194852e+12     0.048155546
 251.8561   4.7460406e+12     0.048457094
 251.9780    5.037228e+12     0.048535496
 252.0999   5.6812461e+12     0.048412785
 252.2217   5.5512882e+12     0.048095699
 252.3434   4.6720069e+12     0.048229501
 252.4652   4.4972848e+12     0.048465323
 252.5868   5.1464503e+12     0.048145421
 252.7083   5.4683113e+12     0.048058897
 252.8298   4.8029028e+12     0.048239093
 252.9513   4.4377383e+12      0.04828592
 253.0726    5.559087e+12     0.048012763
 253.1940   6.9069428e+12     0.047896829
 253.3152   6.9498196e+12     0.048012655
 253.4363    6.739382e+12     0.048025969
 253.5575   6.4818418e+12     0.048266683
 253.6786   6.2220502e+12     0.048017368
 253.7995   6.5558775e+12     0.047791783
 253.9205   6.7948988e+12     0.047788281
 254.0413   7.0119944e+12     0.047961447
 254.1621    6.894319e+12     0.047917299
 254.2829   7.2828705e+12     0.047985181
 254.4035   7.9280734e+12     0.047872998
 254.5241   7.6084931e+12     0.047804531
 254.6447    6.995849e+12      0.04772339
 254.7652   6.9968032e+12     0.047829237
 254.8856   6.8396075e+12     0.048008062
 255.0060   6.7206465e+12     0.048051529
 255.1263    8.445811e+12     0.047824562
 255.2466   1.0186037e+13     0.047893591
 255.3667   1.0476584e+13     0.047916036
 255.4869   1.0782014e+13     0.047807828
 255.6070   1.0480318e+13     0.047857523
 255.7269   1.0130724e+13      0.04782673
 255.8469    1.091782e+13     0.047698449
 255.9668   1.2175002e+13     0.047660202
 256.0866    1.189887e+13     0.047562473
 256.2064   1.0462848e+13      0.04764415
 256.3261   8.8849672e+12     0.047826335
 256.4458   9.6953476e+12     0.047874399
 256.5654   1.2595762e+13     0.047724474
 256.6849   1.4650225e+13     0.047718462
 256.8044   1.4855001e+13     0.047726065
 256.9239   1.5322856e+13     0.047636434
 257.0432   1.6601727e+13     0.047656156
 257.1626   1.6690692e+13     0.047699045
 257.2817   1.7065424e+13     0.047692653
 257.4010   1.7823403e+13     0.047674522
 257.5202   1.4702489e+13     0.047647994
 257.6392   1.0555739e+13     0.047640905
 257.7583   1.1727354e+13     0.047551531
 257.8773   1.5463091e+13     0.047723278
 257.9961   1.8746895e+13     0.047651727
 258.1150    2.182677e+13     0.047611453
 258.2339   2.1147588e+13     0.047678843
 258.3526   1.6995228e+13     0.047613516
 258.4713   1.4398051e+13     0.047528937
 258.5899   1.0586148e+13     0.047740683
 258.7085    1.064397e+13     0.047703844
 258.8271   1.4408138e+13     0.047669787
 258.9455   1.9631329e+13     0.047620822
 259.0640   2.1162522e+13     0.047558602
 259.1823   1.6737423e+13     0.047524083
 259.3007   1.4409893e+13     0.047651984
 259.4190   1.2225431e+13     0.047722235
 259.5371   1.3114451e+13     0.047467828
 259.6553   1.4279773e+13     0.047487166
 259.7734   1.1471317e+13     0.047545988
 259.8915   7.5691296e+12     0.047533691
 260.0095   6.5377429e+12     0.047557727
 260.1274     1.01037e+13     0.047620099
 260.2453   1.4234295e+13     0.047663525
 260.3632   1.5060475e+13     0.047518801
 260.4810   1.3557672e+13     0.047427896
 260.5987   1.0698159e+13     0.047297899
 260.7165   8.3308482e+12     0.047287174
 260.8340   9.4010123e+12      0.04762866
 260.9517    1.197923e+13     0.047639444
 261.0692   1.2116653e+13     0.047397628
 261.1867   9.2817022e+12     0.047352541
 261.3042   8.0346486e+12     0.047580708
 261.4216   8.9058957e+12     0.047630318
 261.5389   1.1703005e+13     0.047532659
 261.6562   1.4375208e+13     0.047474772
 261.7735   1.2559361e+13     0.047476608
 261.8906   1.1972453e+13     0.047567066
 262.0078   1.4868909e+13      0.04742505
 262.1250   1.4919881e+13     0.047410812
 262.2419   1.4646996e+13     0.047457896
 262.3590   1.6297727e+13     0.047456801
 262.4760   1.6530446e+13     0.047486603
 262.5928   1.3609397e+13     0.047496941
 262.7097   1.2103738e+13     0.047571871
 262.8265   1.1917287e+13     0.047350813
 262.9432   1.1238011e+13      0.04756308
 263.0600   1.0767834e+13     0.047548879
 263.1766   9.0639476e+12     0.047613997
 263.2933    1.120378e+13     0.047792666
 263.4099   1.6903565e+13     0.047753535
 263.5263   2.1061484e+13     0.047592789
 263.6429   2.3601477e+13     0.047749162
 263.7593   2.8591782e+13     0.047701363
 263.8758   3.4719494e+13     0.047608148
 263.9920   3.4504943e+13       0.0476018
 264.1084   3.0578271e+13     0.047739394
 264.2247   3.2976587e+13     0.047805943
 264.3408   4.0890698e+13     0.047766156
 264.4570   3.9995344e+13     0.047742061
 264.5732   3.3593416e+13     0.047785159
 264.6893   3.0594373e+13     0.047820546
 264.8052   2.7403437e+13     0.047800168
 264.9213   2.4434595e+13     0.047709886
 265.0372   2.6067096e+13      0.04784989
 265.1531   2.7981555e+13     0.047871925
 265.2690    2.990263e+13     0.048057608
 265.3848   3.2597204e+13     0.047901586
 265.5005   3.7677273e+13     0.047852509
 265.6163   3.9162929e+13     0.047929157
 265.7320   3.7378077e+13     0.047932573
 265.8477   3.6003243e+13     0.047914568
 265.9632   3.5102386e+13     0.047980517
 266.0788    3.618195e+13     0.048006263
 266.1943   3.2686379e+13     0.048098996
 266.3098   3.0853871e+13     0.048185181
 266.4252   2.9274703e+13       0.0479968
 266.5406   3.2298997e+13     0.048095405
 266.6560   3.2188439e+13      0.04805382
 266.7713   3.1845383e+13     0.048117522
 266.8865   3.3940321e+13     0.048161913
 267.0018   3.0299679e+13     0.048184711
 267.1170   3.4091951e+13     0.048248887
 267.2321   3.2428555e+13     0.048252609
 267.3472   2.7065714e+13     0.048272446
 267.4623   3.5076222e+13     0.048333868
 267.5774   4.0711928e+13     0.048259579
 267.6924   3.7866982e+13     0.048192047
 267.8073   3.2780809e+13      0.04815704
 267.9222    2.833077e+13     0.048215292
 268.0371   2.8883003e+13     0.048330452
 268.1519   3.3057214e+13     0.048338309
 268.2667   3.4553859e+13     0.048359778
 268.3814   3.3235975e+13     0.048338395
 268.4962   3.1340848e+13     0.048430931
 268.6109   3.3157722e+13     0.048525482
 268.7255   3.5409967e+13     0.048411574
 268.8401    3.307319e+13     0.048428737
 268.9547   2.9274055e+13     0.048466921
 269.0692   2.7207641e+13     0.048617672
 269.1837   3.0205163e+13     0.048544828
 269.2982   3.2904537e+13     0.048569545
 269.4126   3.4118706e+13      0.04861125
 269.5269   3.0534317e+13     0.048642375
 269.6414   2.5813565e+13     0.048690341
 269.7556   2.9314051e+13     0.048596788
 269.8699   3.0234636e+13     0.048711635
 269.9841   3.4440879e+13     0.048791397
 270.0983   4.1274439e+13     0.048768848
 270.2125   3.6189726e+13     0.048778873
 270.3267   3.5598119e+13     0.048767291
 270.4407   3.9241258e+13     0.048826661
 270.5547   4.1099414e+13      0.04883413
 270.6688   3.5793163e+13     0.048782397
 270.7828   3.2878283e+13     0.048861068
 270.8967   3.2818629e+13     0.048852064
 271.0107   3.3382065e+13     0.048983727
 271.1246   3.3622415e+13     0.049059909
 271.2383    3.447622e+13     0.049054362
 271.3522   3.8103729e+13     0.049052648
 271.4660   3.1017444e+13     0.049007025
 271.5797   2.6766402e+13     0.049145855
 271.6934   3.1818684e+13     0.049205471
 271.8071   3.0486101e+13     0.049110081
 271.9208   2.0640281e+13     0.049067561
 272.0344   1.5784012e+13      0.04935687
 272.1480   1.8448493e+13     0.049441736
 272.2616   2.4326368e+13     0.049486168
 272.3751   2.5567127e+13     0.049513385
 272.4886   2.4227529e+13     0.049493894
 272.6021   2.6678454e+13     0.049454581
 272.7154   2.6639157e+13     0.049455456
 272.8288   2.6557075e+13     0.049549412
 272.9422   3.5825551e+13     0.049681231
 273.0555   4.0147433e+13     0.049620192
 273.1688   3.4757239e+13     0.049662989
 273.2821   3.3057646e+13     0.049636874
 273.3953   2.7455132e+13     0.049628567
 273.5085   2.5434364e+13     0.049845316
 273.6217   2.6597696e+13     0.049786694
 273.7348   2.1420539e+13     0.049669299
 273.8479   2.0168755e+13     0.049896542
 273.9610   1.9720273e+13     0.050031055
 274.0741   1.7922968e+13      0.04998818
 274.1871     1.96529e+13     0.050094228
 274.3001   1.6081563e+13     0.050041266
 274.4131    1.422588e+13     0.050259911
 274.5260   1.9331209e+13     0.050258894
 274.6389   1.9769613e+13     0.050248984
 274.7518   1.5568949e+13     0.050333425
 274.8646   1.7540971e+13      0.05038802
 274.9774   1.5116577e+13     0.050328869
 275.0902   1.5138435e+13     0.050563555
 275.2030   2.4286174e+13     0.050672136
 275.3157   3.0521296e+13     0.050630879
 275.4284   2.6714531e+13     0.050497748
 275.5411   2.0562106e+13     0.050505105
 275.6537   1.6089765e+13     0.050750084
 275.7664   2.0959419e+13      0.05087886
 275.8790    3.504488e+13     0.050859068
 275.9916   3.9074778e+13     0.050715044
 276.1042   3.5419899e+13      0.05081436
 276.2167   3.0192592e+13     0.050884578
 276.3291   2.7587387e+13     0.050961066
 276.4416   3.4111589e+13     0.050943449
 276.5540   4.0055414e+13     0.050963446
 276.6664   3.7939048e+13     0.050881006
 276.7788   3.3467845e+13     0.051019061
 276.8911   3.0939934e+13     0.051003393
 277.0035    3.090376e+13     0.051024824
 277.1158   3.6462448e+13     0.050990656
 277.2281   3.5925002e+13     0.050970975
 277.3404   3.5546236e+13     0.051022429
 277.4526   3.8778077e+13     0.051032815
 277.5648   3.6252896e+13     0.050882135
 277.6770    3.152454e+13     0.050999459
 277.7891   2.8679738e+13     0.051037256
 277.9012   2.5094942e+13     0.051036417
 278.0133   2.2435856e+13     0.051152408
 278.1255   2.2182785e+13     0.051156089
 278.2375   2.3083457e+13     0.050989818
 278.3495   2.2669548e+13     0.051045433
 278.4615   2.2511278e+13     0.051143978
 278.5735   2.3767193e+13     0.051078018
 278.6855   2.3686273e+13     0.051181711
 278.7975   2.1126284e+13      0.05120289
 278.9094   1.8293279e+13      0.05122624
 279.0213   1.6577704e+13     0.051023848
 279.1331   1.4446789e+13     0.051096704
 279.2451   1.2682839e+13     0.051045559
 279.3569   1.0856121e+13     0.051141802
 279.4686   9.0862361e+12      0.05132575
 279.5804   1.0727881e+13      0.05120647
 279.6923    1.046624e+13     0.051114973
 279.8040   8.5242098e+12      0.05107886
 279.9157   9.5528587e+12     0.051420644
 280.0273   1.0891431e+13      0.05121002
 280.1390   1.0196092e+13     0.051409874
 280.2507   9.9992532e+12     0.051482636
 280.3623   1.0667565e+13     0.051420249
 280.4739   1.0192856e+13     0.051565342
 280.5855   1.1900362e+13     0.051881958
 280.6971   1.4412607e+13     0.051829468
 280.8086   1.6861969e+13     0.051649913
 280.9202   1.9916529e+13     0.051726762
 281.0317   2.2507155e+13     0.051663887
 281.1432   2.3052119e+13     0.051739432
 281.2546   2.3227412e+13     0.051860642
 281.3661   2.4665423e+13     0.051927421
 281.4776   3.0705684e+13     0.051915925
 281.5891   3.5010197e+13     0.051935501
 281.7003   3.3583706e+13     0.051986482
 281.8118   3.3370134e+13     0.051936403
 281.9231   3.6261746e+13     0.052025624
 282.0345   3.9692804e+13     0.052126046
 282.1458   4.0535117e+13      0.05206782
 282.2570   3.9472712e+13     0.052039251
 282.3683   4.1302511e+13     0.052116558
 282.4796   4.5514565e+13     0.052088134
 282.5908   4.0813271e+13     0.052111901
 282.7021    3.929255e+13     0.052226771
 282.8133   4.2613084e+13     0.052200478
 282.9244   4.5048771e+13      0.05230118
 283.0357   4.8684255e+13     0.052307319
 283.1468   4.9060552e+13     0.052294098
 283.2580   4.6707362e+13     0.052246343
 283.3691   4.6978994e+13     0.052259136
 283.4801   4.5780891e+13     0.052317686
 283.5913   3.7662614e+13     0.052385766
 283.7023   4.0252295e+13     0.052492991
 283.8134   4.9009528e+13      0.05252048
 283.9244   4.9252441e+13     0.052456934
 284.0355   4.4969184e+13      0.05241726
 284.1465   4.1916251e+13     0.052496366
 284.2574   4.4516749e+13     0.052489791
 284.3684   3.7561871e+13      0.05248573
 284.4795    3.605149e+13     0.052526966
 284.5904   3.8386316e+13     0.052595537
 284.7013   3.2671701e+13     0.052431971
 284.8122   2.7205833e+13     0.052557841
 284.9231   2.1695528e+13     0.052635066
 285.0340   1.7148248e+13     0.052572701
 285.1448   1.2646863e+13     0.052521415
 285.2557   8.9152291e+12      0.05275552
 285.3665   1.0007905e+13     0.052919421
 285.4774   1.4720516e+13     0.052988309
 285.5881   1.9255551e+13     0.052859429
 285.6990   2.4093091e+13     0.052774422
 285.8097    2.919776e+13      0.05284021
 285.9206   3.4077034e+13     0.052902587
 286.0313   4.2293495e+13     0.052940972
 286.1420   4.6436398e+13     0.052955654
 286.2527   4.6907255e+13     0.052940756
 286.3635   4.7595712e+13     0.052938137
 286.4741   5.0993023e+13      0.05298911
 286.5849   5.1685209e+13     0.053067636
 286.6955    5.031058e+13     0.053026479
 286.8062   4.5920649e+13     0.053080149
 286.9169   4.2891662e+13     0.053171437
 287.0275   4.5797555e+13     0.053198822
 287.1381   5.7548409e+13     0.053179327
 287.2487   6.2837607e+13     0.053156815
 287.3593   5.7040769e+13     0.053154279
 287.4700   5.1966613e+13     0.053197499
 287.5805    5.114031e+13     0.053285375
 287.6911   4.7898306e+13     0.053293284
 287.8016   4.9767975e+13     0.053346258
 287.9122   4.5569427e+13     0.053299297
 288.0227   3.6196009e+13     0.053314768
 288.1332   2.6581764e+13      0.05320172
 288.2437   2.1019742e+13     0.053388964
 288.3542    2.985333e+13     0.053678498
 288.4647   4.4987513e+13     0.053690009
 288.5752    5.811183e+13     0.053529579
 288.6856   5.9891448e+13     0.053479556
 288.7961   5.7365089e+13     0.053592447
 288.9066   5.7172805e+13     0.053644903
 289.0169   5.7147027e+13     0.053684715
 289.1274   5.7417904e+13     0.053703561
 289.2378   5.8690938e+13     0.053675666
 289.3483   5.8877391e+13     0.053692158
 289.4586   5.9427462e+13     0.053705532
 289.5690   6.6699458e+13     0.053827479
 289.6795   7.5657644e+13     0.053800784
 289.7897   7.6177813e+13     0.053796049
 289.9001   7.6086805e+13     0.053901929
 290.0105   8.5214206e+13      0.05396688
 290.1208   9.4502769e+13     0.053926781
 290.2311   8.5734342e+13     0.053948324
 290.3415    8.656031e+13     0.054061133
 290.4518   9.6431923e+13     0.054026179
 290.5622   9.6013298e+13     0.053995728
 290.6724   8.9316622e+13     0.054026447
 290.7827   8.6016241e+13     0.054053165
 290.8929   8.2792558e+13     0.054053385
 291.0032   8.2236267e+13     0.054139424
 291.1135   8.2397345e+13     0.054165233
 291.2238   8.4142486e+13     0.054212704
 291.3341   9.5336522e+13     0.054225087
 291.4442   9.4749512e+13     0.054166369
 291.5545   8.1001867e+13     0.054156795
 291.6648   7.9195523e+13     0.054227099
 291.7750   8.0415528e+13     0.054237846
 291.8852   7.7360246e+13     0.054316148
 291.9955   8.1323453e+13     0.054307103
 292.1056   8.2648014e+13     0.054291751
 292.2158   8.4054716e+13     0.054327339
 292.3260   8.1408345e+13     0.054313183
 292.4362   7.1515777e+13     0.054331131
 292.5464    6.942813e+13     0.054447405
 292.6566   6.4662532e+13     0.054421231
 292.7667   6.7864199e+13     0.054501414
 292.8769   6.4639291e+13     0.054426666
 292.9870   6.4047999e+13     0.054555364
 293.0972   8.4576857e+13     0.054680355
 293.2074    9.273565e+13     0.054601125
 293.3175   9.1109854e+13     0.054567404
 293.4276   8.4591746e+13     0.054633833
 293.5377   9.3197326e+13     0.054687101
 293.6479   8.3363168e+13     0.054596901
 293.7580   5.6221931e+13      0.05459344
 293.8681   5.9420432e+13     0.054848183
 293.9782   6.8383899e+13     0.054789152
 294.0884   7.4071501e+13     0.054808352
 294.1985   7.0275534e+13     0.054834995
 294.3085   7.9430068e+13     0.054951757
 294.4186   8.2942806e+13     0.054896187
 294.5287   7.5487917e+13      0.05495394
 294.6388   8.7943356e+13     0.055022944
 294.7488   8.1610913e+13     0.054906499
 294.8589   5.3135104e+13     0.054827318
 294.9690   5.1442069e+13     0.055176996
 295.0791   6.9500372e+13     0.055243734
 295.1892   8.6677549e+13     0.055224579
 295.2992    9.535912e+13     0.055178002
 295.4093   7.8441764e+13     0.055122141
 295.5194   7.1911418e+13     0.055232722
 295.6294   8.6882172e+13     0.055336453
 295.7395    7.785525e+13     0.055311419
 295.8495   8.0722056e+13      0.05541712
 295.9596   9.2951053e+13     0.055366643
 296.0696   8.4636877e+13     0.055377748
 296.1797   8.3462883e+13     0.055480186
 296.2896   9.5432823e+13     0.055533197
 296.3997   9.9392539e+13     0.055477843
 296.5097   7.9015352e+13     0.055422433
 296.6198   5.5289294e+13     0.055448715
 296.7299   4.4981058e+13     0.055548057
 296.8398    5.707189e+13     0.055811301
 296.9499   6.5758684e+13     0.055682443
 297.0599   5.3930449e+13     0.055633154
 297.1700   6.3107896e+13     0.055777285
 297.2799   6.8430347e+13      0.05568843
 297.3900   5.7971808e+13     0.055669188
 297.5001   7.5495761e+13     0.055918932
 297.6101    8.937509e+13     0.055840015
 297.7201    9.629591e+13     0.055858012
 297.8301   1.1070927e+14      0.05586376
 297.9402   9.8958051e+13     0.055770583
 298.0502    8.318647e+13     0.055819388
 298.1602   6.8530456e+13     0.055798013
 298.2702   5.7599219e+13     0.055885319
 298.3802   5.2620048e+13     0.055887394
 298.4902   4.4208157e+13     0.055949889
 298.6002   4.6433814e+13      0.05605026
 298.7103    5.584077e+13     0.056113183
 298.8203   6.1299338e+13     0.056009632
 298.9303   7.2939567e+13     0.056141499
 299.0403   9.0939196e+13      0.05617059
 299.1503   9.7483309e+13     0.056130908
 299.2604   8.7984217e+13     0.056035854
 299.3704   7.8969618e+13      0.05603791
 299.4805   6.0281942e+13     0.055977695
 299.5905   5.9263121e+13     0.056183588
 299.7005   8.1445423e+13     0.056308433
 299.8105   9.4562144e+13     0.056227084
 299.9205   8.2357156e+13     0.056090668
 300.0306   5.5159753e+13     0.056032784
 300.1407   4.2946305e+13     0.056166984
 300.2507   4.4309701e+13     0.056272049
 300.3607   4.4655631e+13     0.056299698
 300.4707   5.9263402e+13     0.056475889
 300.5808   7.8513168e+13     0.056426946
 300.6908   7.5073143e+13     0.056248371
 300.8008      5.9229e+13     0.056247883
 300.9109   5.2597302e+13     0.056357816
 301.0210   6.2780724e+13     0.056543645
 301.1311   8.1272576e+13     0.056513611
 301.2411   7.8411255e+13      0.05639616
 301.3511   7.8869181e+13     0.056509234
 301.4612   8.3182116e+13     0.056533542
 301.5713   8.2413921e+13     0.056474246
 301.6813    8.099144e+13     0.056500319
 301.7914   7.0380295e+13     0.056511525
 301.9015   5.7629917e+13     0.056505177
 302.0115   4.7318674e+13     0.056513861
 302.1216   3.3545884e+13     0.056531209
 302.2318   4.3052916e+13     0.056892734
 302.3418   7.6020619e+13     0.056880295
 302.4519    8.567485e+13     0.056710105
 302.5620   7.4992209e+13     0.056619938
 302.6721   6.5880604e+13      0.05673803
 302.7821    9.225167e+13     0.057005156
 302.8923   1.1240467e+14     0.056858875
 303.0024   1.0148097e+14     0.056794401
 303.1125   9.0648825e+13     0.056879468
 303.2226   8.9613402e+13        0.056954
 303.3328   1.0974532e+14     0.057033449
 303.4428   1.1398187e+14     0.056960966
 303.5530   1.1373804e+14      0.05701717
 303.6631   1.1247837e+14     0.056946296
 303.7733   8.1016564e+13     0.056814943
 303.8835   6.9149083e+13     0.057017922
 303.9936   9.1058877e+13     0.057222709
 304.1037   9.2106748e+13     0.057028662
 304.2139   7.8140563e+13     0.057039578
 304.3240    8.038142e+13     0.057256561
 304.4343   1.0024921e+14     0.057267025
 304.5444   1.0958031e+14      0.05720374
 304.6546    1.116584e+14     0.057172988
 304.7647   8.6231619e+13     0.057032943
 304.8750   6.9688109e+13      0.05720688
 304.9852   9.3847065e+13     0.057442758
 305.0954   1.0178802e+14     0.057498518
 305.2057   1.1226872e+14     0.057550929
 305.3159   1.2769921e+14      0.05759928
 305.4261    1.061982e+14     0.057649702
 305.5363   9.1286527e+13       0.0576998
 305.6465    9.717486e+13     0.057745304
 305.7568   8.0102356e+13     0.057788216
 305.8670   5.5795241e+13     0.057834748
 305.9772   5.4589269e+13     0.057877135
 306.0875    7.551737e+13     0.057914607
 306.1978   1.0028961e+14     0.057952441
 306.3081   1.0721669e+14     0.057990793
 306.4183   9.3550713e+13     0.058024973
 306.5287   8.3563454e+13     0.058054123
 306.6390   8.5229205e+13      0.05808267
 306.7492   7.1215029e+13     0.058112673
 306.8596   7.1837254e+13     0.058141463
 306.9699   9.2802759e+13     0.058165103
 307.0802   1.0571503e+14     0.058189727
 307.1905   1.0430832e+14     0.058215905
 307.3008   9.5298269e+13     0.058238067
 307.4113   9.9338743e+13     0.058258578
 307.5216   9.7333589e+13     0.058280516
 307.6319   8.4320593e+13     0.058304474
 307.7424   9.7353395e+13     0.058324642
 307.8527   9.6902708e+13     0.058341447
 307.9631   9.6777357e+13     0.058361966
 308.0735   1.0617213e+14     0.058382031
 308.1839   9.5497809e+13     0.058401007
 308.2943   7.9836354e+13     0.058417782
 308.4048   8.1182205e+13     0.058438256
 308.5152     1.02756e+14     0.058459233
 308.6256   1.1774274e+14     0.058478232
 308.7360   1.0747569e+14      0.05849383
 308.8466   8.9258145e+13     0.058511704
 308.9570   8.9906374e+13     0.058529217
 309.0674    9.005419e+13     0.058544837
 309.1779   7.7429838e+13      0.05855567
 309.2885   6.7291312e+13     0.058568168
 309.3989   5.3480971e+13     0.058574993
 309.5095   6.7277983e+13     0.058585379
 309.6200   9.0982515e+13     0.058590606
 309.7305   7.7986859e+13     0.058598675
 309.8410   6.6125082e+13     0.058604691
 309.9516   8.0431467e+13     0.058615424
 310.0622   6.7637535e+13     0.058620438
 310.1727   4.7669574e+13     0.058630425
 310.2834   4.9378664e+13     0.058638167
 310.3939   7.8536178e+13     0.058649603
 310.5045   1.0377885e+14     0.058659188
 310.6151   1.0658393e+14     0.058670647
 310.7257   1.0621426e+14     0.058682341
 310.8363    1.143485e+14     0.058694914
 310.9471   1.2642026e+14     0.058704481
 311.0577   1.2520309e+14     0.058714312
 311.1683   1.1099519e+14     0.058722403
 311.2789   1.1378461e+14     0.058731236
 311.3897   1.2369733e+14     0.058734827
 311.5004   1.1735822e+14     0.058740932
 311.6110   1.1100338e+14     0.058746956
 311.7218   1.1770678e+14     0.058763184
 311.8325   9.9646353e+13     0.058789097
 311.9432   9.2616457e+13     0.058817595
 312.0540   8.9391205e+13     0.058843002
 312.1647   8.4888586e+13     0.058864873
 312.2755   8.5633167e+13      0.05888585
 312.3862   8.5960323e+13     0.058907203
 312.4971   1.0180218e+14      0.05892998
 312.6079   1.0934339e+14     0.058954712
 312.7186   9.0483183e+13     0.058986619
 312.8295   9.1918164e+13     0.059025917
 312.9403   1.0177516e+14     0.059070777
 313.0512    9.878288e+13     0.059119437
 313.1620   1.0279513e+14      0.05917507
 313.2729   9.6622864e+13     0.059222281
 313.3838   9.6677977e+13     0.059263706
 313.4948   9.5078849e+13     0.059303347
 313.6056   8.8311683e+13     0.059344955
 313.7165   9.4797545e+13      0.05939398
 313.8274   9.7237833e+13     0.059439126
 313.9384   1.0176389e+14     0.059489317
